20
0 9 4 8 7 6 5 2 1 3 10 19 14 18 17 16 15 12 11 13
6 1 5 0 8 9 2 3 4 7 16 11 15 10 18 19 12 13 14 17
1 0 2 9 6 4 3 8 7 5 11 10 12 19 16 14 13 18 17 15
7 8 0 3 9 2 1 6 5 4 17 18 10 13 19 12 11 16 15 14
3 6 1 2 4 7 0 5 9 8 13 16 11 12 14 17 10 15 19 18
2 7 8 1 0 5 4 9 3 6 12 17 18 11 10 15 14 19 13 16
8 5 9 7 3 0 6 4 2 1 18 15 19 17 13 10 16 14 12 11
4 2 3 5 1 8 9 7 6 0 14 12 13 15 11 18 19 17 16 10
9 3 6 4 5 1 7 0 8 2 19 13 16 14 15 11 17 10 18 12
5 4 7 6 2 3 8 1 0 9 15 14 17 16 12 13 18 11 10 19
10 19 14 18 17 16 15 12 11 13 0 9 4 8 7 6 5 2 1 3
16 11 15 10 18 19 12 13 14 17 6 1 5 0 8 9 2 3 4 7
11 10 12 19 16 14 13 18 17 15 1 0 2 9 6 4 3 8 7 5
17 18 10 13 19 12 11 16 15 14 7 8 0 3 9 2 1 6 5 4
13 16 11 12 14 17 10 15 19 18 3 6 1 2 4 7 0 5 9 8
12 17 18 11 10 15 14 19 13 16 2 7 8 1 0 5 4 9 3 6
18 15 19 17 13 10 16 14 12 11 8 5 9 7 3 0 6 4 2 1
14 12 13 15 11 18 19 17 16 10 4 2 3 5 1 8 9 7 6 0
19 13 16 14 15 11 17 10 18 12 9 3 6 4 5 1 7 0 8 2
15 14 17 16 12 13 18 11 10 19 5 4 7 6 2 3 8 1 0 9