16
0 1 2 3 4 5 6 7 8 9 10 11 12 13 14 15
1 2 0 4 5 11 7 9 14 10 13 12 15 6 3 8
8 13 1 10 12 3 0 6 7 15 11 5 9 14 2 4
5 12 4 9 2 0 11 10 3 13 15 6 7 8 1 14
13 8 14 5 15 9 1 2 0 12 4 10 3 7 6 11
11 4 15 0 14 6 10 3 5 1 9 7 2 12 8 13
10 15 9 2 13 7 3 5 4 6 0 8 14 11 12 1
4 10 3 1 8 14 9 12 2 11 7 13 6 15 5 0
6 14 13 15 9 10 8 0 11 2 5 3 4 1 7 12
14 7 8 11 3 15 13 1 6 4 12 9 10 2 0 5
2 6 7 12 10 4 14 13 1 5 8 15 11 0 9 3
3 9 10 7 1 8 15 11 12 0 6 14 13 5 4 2
7 0 6 8 11 12 2 14 13 3 1 4 5 9 15 10
9 3 5 14 0 13 12 4 15 7 2 1 8 10 11 6
15 11 12 6 7 2 5 8 10 14 3 0 1 4 13 9
12 5 11 13 6 1 4 15 9 8 14 2 0 3 10 7