20
0 4 7 1 3 9 5 8 6 2 10 14 17 11 13 19 15 18 16 12
2 1 5 0 6 3 7 4 9 8 12 11 15 10 16 13 17 14 19 18
1 0 2 6 8 4 3 9 7 5 11 10 12 16 18 14 13 19 17 15
9 2 0 3 1 7 8 6 5 4 19 12 10 13 11 17 18 16 15 14
6 9 1 5 4 8 0 2 3 7 16 19 11 15 14 18 10 12 13 17
4 7 8 2 0 5 9 3 1 6 14 17 18 12 10 15 19 13 11 16
3 8 4 9 7 0 6 5 2 1 13 18 14 19 17 10 16 15 12 11
5 6 3 8 9 1 2 7 4 0 15 16 13 18 19 11 12 17 14 10
7 5 9 4 2 6 1 0 8 3 17 15 19 14 12 16 11 10 18 13
8 3 6 7 5 2 4 1 0 9 18 13 16 17 15 12 14 11 10 19
10 14 17 11 13 19 15 18 16 12 0 4 7 1 3 9 5 8 6 2
12 11 15 10 16 13 17 14 19 18 2 1 5 0 6 3 7 4 9 8
11 10 12 16 18 14 13 19 17 15 1 0 2 6 8 4 3 9 7 5
19 12 10 13 11 17 18 16 15 14 9 2 0 3 1 7 8 6 5 4
16 19 11 15 14 18 10 12 13 17 6 9 1 5 4 8 0 2 3 7
14 17 18 12 10 15 19 13 11 16 4 7 8 2 0 5 9 3 1 6
13 18 14 19 17 10 16 15 12 11 3 8 4 9 7 0 6 5 2 1
15 16 13 18 19 11 12 17 14 10 5 6 3 8 9 1 2 7 4 0
17 15 19 14 12 16 11 10 18 13 7 5 9 4 2 6 1 0 8 3
18 13 16 17 15 12 14 11 10 19 8 3 6 7 5 2 4 1 0 9
