28626512 1
28693056 1
28945696 1
29051680 1
29189672 1
29251344 1
29334336 1
29346224 1
29389296 1
29395096 1
29409800 1
29409920 1
29410472 1
29411080 1
29411216 1
29411344 1
29412016 1
29412480 1
29412544 1
29412616 1
29412848 1
29414776 1
29414856 1
29414928 1
29415192 1
29415632 1
29415896 1
29416072 1
29416384 1
29416424 1
29416504 1
29416888 1
29417568 1
29417616 1
29417640 1
29417672 1
29417776 1
29418016 1
29418120 1
29418296 1
29418352 1
29418624 1
29418800 1
29418816 1
29418880 1
29418968 1
29419088 1
29419224 1
29419288 1
29419552 1
29419704 2
29419840 1
29420184 1
29420200 1
29420360 1
29420544 1
29420648 1
29420672 1
29420968 1
29420976 1
29421168 1
29421248 1
29421304 1
29421472 1
29421520 1
29421696 2
29421808 1
29421824 1
29421832 1
29422008 1
29422168 1
29422176 1
29422312 1
29422344 2
29422496 1
29422592 1
29422640 1
29422816 1
29422832 1
29422848 1
29422944 1
29422952 1
29423152 1
29423176 2
29423224 1
29423336 1
29423496 1
29423512 1
29423680 1
29423784 1
29423832 1
29423880 1
29423912 1
29424000 1
29424008 1
29424016 1
29424112 1
29424200 1
29424384 1
29424416 1
29424496 2
29424544 1
29424552 1
29424624 1
29424688 1
29424712 1
29424744 1
29424792 1
29424968 1
29425072 1
29425088 1
29425096 1
29425144 1
29425184 1
29425240 1
29425248 1
29425344 1
29425360 1
29425408 1
29425464 1
29425472 1
29425480 1
29425592 1
29425624 1
29425688 1
29425752 1
29425784 1
29425792 1
29425832 1
29425840 1
29425896 1
29426000 1
29426024 1
29426104 1
29426120 1
29426168 1
29426272 1
29426320 1
29426448 1
29426472 1
29426544 1
29426584 1
29426656 1
29426712 1
29426736 1
29426808 1
29426928 2
29426944 1
29426984 1
29427024 1
29427048 1
29427088 1
29427208 1
29427344 1
29427440 1
29427448 1
29427488 1
29427544 1
29427552 1
29427600 1
29427640 1
29427696 1
29427704 1
29427776 1
29427864 1
29427904 1
29427936 1
29427992 1
29428024 1
29428072 1
29428096 1
29428160 1
29428176 1
29428184 1
29428208 1
29428480 1
29428512 1
29428520 1
29428560 2
29428568 1
29428592 2
29428656 1
29428704 1
29428728 1
29428784 1
29428816 1
29428832 1
29428872 1
29428912 1
29428920 1
29428928 1
29428984 1
29429000 1
29429040 1
29429056 1
29429104 1
29429112 1
29429144 1
29429160 2
29429168 1
29429176 1
29429232 1
29429280 1
29429344 1
29429384 1
29429408 1
29429464 1
29429512 1
29429536 1
29429552 1
29429568 1
29429696 1
29429712 1
29429744 1
29429840 1
29429856 1
29429880 1
29429896 1
29429912 1
29429992 1
29430016 1
29430048 1
29430056 1
29430072 3
29430128 1
29430208 1
29430224 1
29430256 1
29430272 2
29430344 1
29430384 1
29430408 2
29430472 1
29430488 1
29430496 1
29430504 1
29430520 1
29430528 2
29430608 1
29430656 1
29430712 1
29430720 1
29430808 1
29430824 1
29430848 1
29430896 1
29430944 1
29430952 1
29430968 1
29430976 1
29430984 1
29430992 1
29431120 2
29431136 1
29431184 1
29431336 2
29431376 1
29431432 1
29431448 1
29431528 1
29431536 1
29431544 1
29431584 1
29431608 1
29431720 1
29431776 1
29431864 1
29431880 1
29431896 1
29431944 1
29431960 1
29431992 1
29432064 1
29432072 1
29432120 1
29432168 1
29432192 2
29432200 2
29432208 1
29432256 1
29432264 1
29432336 1
29432384 1
29432416 1
29432432 1
29432440 1
29432488 1
29432496 1
29432568 1
29432584 1
29432632 1
29432648 1
29432656 1
29432672 1
29432688 1
29432792 1
29432832 1
29432880 2
29432912 1
29432920 2
29432928 1
29433000 1
29433136 1
29433144 1
29433192 1
29433208 2
29433240 1
29433328 1
29433352 1
29433432 1
29433488 1
29433552 1
29433600 1
29433640 1
29433648 1
29433664 1
29433696 1
29433704 1
29433712 2
29433720 1
29433728 1
29433736 2
29433768 1
29433904 1
29433920 1
29433928 1
29433968 1
29433976 1
29434008 1
29434024 1
29434064 1
29434072 1
29434080 1
29434136 1
29434168 1
29434200 2
29434240 1
29434248 1
29434272 1
29434304 1
29434312 1
29434336 2
29434344 1
29434376 1
29434384 1
29434424 3
29434488 1
29434552 2
29434592 1
29434600 1
29434608 1
29434616 1
29434648 1
29434680 1
29434688 1
29434696 2
29434728 1
29434856 1
29434872 1
29434880 1
29434904 1
29434944 1
29434968 1
29435136 1
29435144 1
29435152 1
29435240 1
29435248 1
29435272 1
29435368 1
29435392 1
29435416 1
29435440 1
29435464 1
29435472 1
29435488 1
29435496 1
29435520 1
29435624 1
29435656 1
29435680 1
29435712 1
29435752 1
29435816 1
29435856 1
29435920 3
29436000 1
29436008 1
29436040 1
29436096 1
29436104 1
29436144 1
29436176 1
29436240 1
29436272 1
29436304 1
29436312 1
29436368 1
29436392 1
29436512 1
29436528 1
29436544 1
29436552 1
29436624 1
29436632 3
29436640 1
29436672 1
29436680 1
29436704 1
29436760 1
29436776 1
29436824 1
29436832 1
29436904 1
29437032 1
29437080 1
29437112 1
29437120 1
29437152 2
29437160 2
29437168 1
29437200 1
29437224 1
29437232 1
29437248 1
29437280 1
29437328 1
29437336 1
29437352 2
29437376 1
29437392 1
29437432 1
29437464 1
29437512 1
29437528 1
29437576 1
29437600 1
29437640 1
29437656 1
29437672 1
29437696 1
29437720 1
29437768 2
29437784 1
29437848 2
29437856 1
29437872 1
29437912 1
29437928 1
29437960 1
29437984 1
29438000 2
29438016 1
29438056 1
29438064 1
29438112 2
29438128 2
29438136 1
29438144 1
29438152 1
29438160 2
29438168 1
29438192 1
29438240 1
29438256 1
29438264 1
29438288 1
29438352 1
29438416 1
29438488 2
29438512 1
29438528 1
29438568 1
29438640 1
29438696 1
29438704 1
29438728 1
29438736 1
29438752 1
29438760 1
29438792 1
29438808 1
29438816 1
29438832 1
29438880 1
29438912 1
29438936 1
29438952 1
29439000 1
29439008 1
29439016 1
29439088 1
29439104 1
29439200 1
29439224 1
29439384 1
29439432 1
29439464 1
29439520 1
29439544 1
29439592 1
29439624 1
29439648 1
29439672 1
29439704 1
29439712 1
29439720 1
29439736 1
29439768 2
29439784 1
29439792 2
29439800 1
29439848 1
29439872 1
29439888 1
29439904 1
29439920 1
29439928 2
29439952 1
29439960 1
29440016 2
29440024 1
29440048 1
29440120 1
29440136 1
29440160 1
29440176 1
29440200 2
29440232 1
29440240 3
29440248 1
29440256 1
29440272 1
29440304 1
29440400 1
29440424 2
29440440 2
29440464 1
29440488 2
29440504 1
29440552 1
29440560 3
29440576 1
29440592 1
29440648 2
29440696 1
29440736 1
29440792 2
29440816 1
29440840 1
29440872 1
29440888 1
29440920 2
29440976 1
29441008 1
29441080 1
29441112 1
29441136 1
29441144 1
29441152 1
29441160 1
29441200 1
29441208 1
29441232 1
29441240 1
29441256 1
29441296 1
29441328 1
29441336 1
29441416 1
29441424 1
29441440 2
29441472 1
29441496 1
29441528 1
29441560 1
29441584 1
29441592 1
29441600 1
29441608 1
29441640 2
29441648 1
29441656 3
29441680 1
29441688 1
29441704 1
29441720 1
29441728 1
29441736 1
29441744 1
29441792 1
29441800 1
29441808 1
29441816 1
29441880 1
29441888 1
29441896 2
29441912 1
29441920 1
29441944 2
29441952 1
29441960 1
29442032 2
29442064 1
29442072 2
29442080 1
29442112 1
29442144 1
29442232 1
29442280 1
29442288 1
29442296 1
29442312 1
29442320 1
29442368 1
29442376 1
29442448 1
29442456 2
29442480 1
29442552 1
29442576 1
29442584 1
29442600 1
29442640 1
29442656 1
29442664 1
29442672 1
29442696 1
29442728 1
29442744 1
29442752 1
29442760 1
29442808 1
29442832 1
29442848 1
29442864 2
29442872 1
29442880 1
29442904 1
29442920 2
29442976 1
29442984 1
29443072 1
29443112 1
29443120 2
29443216 1
29443256 1
29443344 1
29443360 2
29443392 1
29443480 1
29443552 1
29443576 1
29443608 1
29443624 1
29443656 1
29443672 1
29443728 1
29443744 1
29443760 1
29443808 1
29443824 1
29443840 2
29443848 1
29443880 1
29443944 3
29443960 1
29444024 2
29444032 1
29444120 1
29444184 1
29444256 2
29444304 3
29444360 1
29444376 1
29444392 1
29444400 1
29444408 1
29444496 1
29444520 1
29444560 2
29444568 1
29444584 1
29444640 1
29444696 1
29444728 1
29444760 1
29444808 1
29444816 1
29444896 1
29444912 1
29444936 1
29444944 1
29444968 1
29444992 1
29445016 1
29445040 1
29445048 1
29445056 1
29445080 1
29445136 2
29445192 1
29445208 3
29445304 1
29445352 1
29445560 1
29445608 1
29445632 2
29445688 1
29445736 1
29445784 1
29445816 1
29445832 2
29445840 1
29445896 1
29445912 1
29445944 1
29445952 1
29445984 1
29446008 1
29446024 1
29446032 1
29446096 1
29446168 1
29446176 1
29446256 1
29446296 2
29446344 1
29446360 1
29446408 2
29446416 1
29446424 2
29446432 1
29446440 1
29446472 1
29446488 2
29446496 1
29446520 1
29446528 1
29446568 1
29446632 1
29446648 1
29446696 1
29446720 1
29446800 1
29446824 1
29446840 1
29446888 1
29446896 1
29446920 2
29446968 1
29446992 1
29447008 1
29447024 1
29447032 1
29447072 2
29447112 1
29447200 1
29447216 1
29447256 1
29447296 1
29447320 1
29447368 1
29447392 2
29447432 1
29447448 1
29447496 1
29447512 1
29447528 1
29447552 1
29447608 1
29447616 1
29447624 1
29447632 1
29447648 1
29447688 1
29447728 1
29447736 1
29447744 1
29447760 1
29447768 1
29447776 2
29447784 1
29447840 1
29447848 1
29447856 1
29447864 1
29447928 1
29447952 1
29447976 1
29448088 1
29448096 1
29448104 3
29448144 2
29448152 1
29448160 2
29448192 1
29448200 1
29448224 1
29448264 1
29448280 1
29448328 2
29448352 1
29448368 2
29448400 2
29448416 1
29448432 1
29448456 1
29448480 1
29448512 1
29448528 1
29448704 2
29448728 1
29448776 2
29448784 1
29448792 1
29448800 1
29448816 1
29448840 1
29448864 1
29448888 1
29448912 2
29448928 1
29449008 1
29449016 2
29449272 1
29449296 1
29449312 1
29449360 1
29449400 2
29449456 2
29449472 1
29449544 1
29449552 1
29449560 1
29449592 1
29449616 2
29449640 1
29449672 1
29449680 1
29449792 1
29449848 1
29449920 1
29449944 1
29449984 1
29449992 1
29450024 1
29450064 1
29450088 1
29450096 1
29450104 1
29450168 1
29450192 1
29450200 1
29450216 1
29450224 1
29450248 1
29450256 1
29450272 1
29450368 1
29450384 1
29450392 1
29450400 1
29450416 1
29450424 1
29450568 1
29450592 1
29450600 1
29450688 1
29450720 1
29450728 1
29450736 1
29450752 1
29450856 2
29450872 1
29450928 1
29450984 1
29451000 1
29451024 1
29451080 1
29451088 1
29451184 2
29451248 1
29451296 1
29451352 1
29451376 1
29451472 1
29451488 1
29451504 1
29451632 2
29451744 1
29451752 1
29451808 1
29451888 1
29451920 1
29452104 1
29452120 1
29452136 1
29452168 1
29452224 1
29452304 1
29452352 1
29452432 1
29452624 1
29452672 1
29452712 1
29452720 1
29452744 1
29452848 1
29452928 1
29452960 1
29452984 1
29453056 1
29453080 1
29453160 1
29453208 1
29453216 1
29453240 2
29453248 1
29453312 1
29453344 2
29453376 1
29453416 1
29453440 1
29453448 1
29453456 1
29453480 1
29453504 1
29453536 1
29453664 1
29453696 1
29453712 3
29453720 1
29453736 1
29453760 1
29453808 1
29453816 1
29453832 1
29453840 1
29453904 1
29453952 1
29453968 1
29454032 1
29454040 1
29454048 1
29454160 2
29454176 1
29454248 1
29454272 1
29454408 1
29454416 1
29454464 1
29454680 1
29454696 1
29454736 1
29454760 1
29454776 1
29454848 1
29454864 1
29454888 1
29454928 1
29454968 1
29454976 1
29454992 1
29455000 1
29455016 1
29455072 1
29455096 1
29455176 1
29455232 1
29455256 1
29455344 1
29455464 1
29455472 1
29455552 1
29455584 1
29455656 1
29455688 1
29455800 3
29455808 2
29455832 1
29455840 1
29455944 1
29455984 1
29456032 1
29456064 1
29456096 1
29456168 1
29456232 1
29456320 1
29456352 1
29456392 1
29456416 1
29456424 1
29456456 1
29456488 1
29456568 1
29456616 1
29456624 1
29456720 1
29456784 1
29456808 1
29456896 1
29456936 1
29456960 1
29456992 1
29457024 1
29457032 1
29457064 1
29457072 1
29457088 1
29457232 1
29457344 1
29457368 1
29457384 2
29457416 1
29457440 1
29457512 1
29457528 1
29457544 1
29457576 1
29457640 1
29457728 1
29457888 1
29457960 1
29457992 1
29458008 1
29458144 1
29458216 1
29458224 1
29458320 2
29458464 1
29458504 1
29458672 1
29458728 1
29458744 1
29458768 1
29458824 1
29458840 1
29458904 2
29458936 1
29458976 1
29458992 1
29459016 1
29459040 2
29459168 1
29459296 1
29459328 1
29459352 1
29459576 1
29459656 1
29459744 1
29459752 1
29459768 1
29459816 1
29459888 1
29459912 1
29459928 1
29460064 1
29460224 1
29460320 1
29460544 1
29460624 1
29460640 1
29460680 1
29460768 1
29461000 1
29461112 1
29461120 1
29461184 1
29461296 1
29461448 1
29461480 1
29461640 1
29461768 1
29461840 1
29461960 1
29462104 1
29462120 1
29462184 1
29462224 1
29462272 1
29462296 1
29462400 1
29462424 1
29462504 1
29462856 1
29462896 1
29462968 2
29462984 1
29463072 1
29463096 1
29463176 1
29463216 1
29463224 1
29463232 1
29463328 1
29463344 1
29463368 1
29463384 1
29463432 1
29463536 1
29463560 1
29463688 1
29463704 1
29463856 1
29463904 1
29463960 1
29464096 1
29464144 1
29464304 1
29464504 1
29464512 1
29464584 1
29464656 1
29464712 1
29464816 1
29464904 1
29464936 1
29465008 1
29465048 1
29465056 1
29465096 1
29465120 1
29465144 2
29465288 1
29465440 1
29465504 1
29465800 1
29465816 1
29465832 1
29465928 1
29465936 1
29465992 1
29466240 1
29466344 1
29466360 1
29466416 1
29466616 1
29466760 1
29466832 1
29466864 1
29466944 1
29467152 1
29467256 1
29467392 1
29467456 1
29467504 1
29467576 2
29467744 1
29467888 1
29467936 1
29468008 1
29468032 1
29468040 1
29468152 1
29468176 1
29468216 1
29468304 1
29468416 1
29468464 1
29468552 1
29468624 1
29468736 1
29468768 1
29468824 1
29468872 1
29468960 1
29468968 1
29469048 1
29469160 1
29469360 1
29469536 1
29469640 1
29470016 1
29470264 1
29470392 1
29470552 1
29470592 1
29470600 2
29470736 1
29470936 1
29471376 1
29471688 1
29471880 1
29472000 1
29472080 1
29472192 1
29472352 1
29472408 1
29472440 1
29472520 1
29472840 1
29472992 1
29473040 1
29473072 1
29473176 1
29473264 1
29473400 1
29473440 1
29473504 1
29473648 1
29473664 1
29474160 1
29474232 1
29474496 1
29474680 1
29474792 1
29474808 1
29474824 1
29474896 1
29475024 1
29475296 1
29475320 1
29475400 1
29475424 1
29475520 1
29475560 1
29475696 1
29475896 1
29476160 1
29476656 1
29476808 1
29476904 1
29477032 1
29477352 1
29477680 1
29477952 1
29478592 1
29479064 1
29479136 1
29479600 1
29479632 1
29479880 1
29480344 1
29480592 1
29481288 1
29481392 1
29481952 1
29482120 1
29482200 1
29482472 1
29482512 1
29482584 1
29482848 1
29482928 1
29483008 1
29483112 1
29483440 1
29483560 1
29483904 1
29483968 1
29483992 1
29484304 1
29484816 1
29485040 1
29485336 1
29485720 1
29485880 1
29486600 1
29487024 1
29487144 1
29487432 1
29488168 1
29488456 1
29488672 1
29488728 1
29488960 1
29489048 1
29489192 1
29489280 1
29489616 1
29490272 1
29490776 1
29490800 1
29491112 1
29491184 1
29491200 1
29491448 1
29491456 1
29491536 1
29491616 1
29491744 1
29492384 1
29492440 1
29492888 1
29493496 1
29494120 1
29494448 1
29495744 1
29498064 1
29498704 1
29498776 1
29500168 1
29500352 1
29501376 1
29502160 1
29502704 1
29502872 1
29504128 1
29506688 1
29506768 1
29508448 1
29510392 1
29511216 1
29511448 1
29511496 1
29516216 1
29517384 1
29517520 1
29518592 1
29519112 1
29520256 1
29523368 1
29524264 1
29525680 1
29527112 1
29527360 1
29528768 1
29533432 1
29534304 1
29534544 1
29535224 1
29537768 1
29540552 1
29542688 1
29545248 1
29553088 1
29553144 1
29553680 1
29561168 1
29561472 1
29563392 1
29568336 1
29582496 1
29584000 1
29588464 1
29592824 1
29594616 1
29598192 1
29601928 1
29614208 1
29620192 1
29622768 1
29629368 1
29652464 1
29655576 1
29663712 1
29668216 1
29668648 1
29688000 2
29703200 1
29715360 1
29717312 1
29723544 1
29728448 1
29747896 1
29799872 1
29820080 1
29957664 1
30128112 1
30207440 1
30228032 1
30387768 1
30406864 1
31611968 1
31630944 1
31802112 1
33800096 1
33864640 1
33912864 1
33952000 1
35604320 1
44355552 1
44420128 1
44491136 1
46362624 1
46440448 1
46460928 1
57848320 1
57859072 1
58857472 1
58882688 1
58904064 1
59110848 1
59154432 1
59154496 1
59232384 1
59263488 1
59267328 1
59411328 1
59420672 1
59452416 1
59480064 1
59517952 1
59655168 1
59789056 1
59924096 1
59942656 1
59997952 1
60197376 1
61294592 1
61794304 1
66289664 1
68421632 1
