4102404 1
4106134 1
4107244 1
4113993 1
4116211 1
4116904 1
4120873 1
4122161 1
4122755 1
4123596 1
4125193 1
4126316 1
4127101 1
4133697 1
4140160 1
4140433 1
4141042 1
4141193 1
4142195 1
4142871 1
4146557 1
4147002 1
4148332 1
4152965 1
4153493 1
4154812 1
4156175 1
4156275 1
4157927 1
4158132 1
4158371 1
4159677 1
4159747 1
4160563 1
4160904 1
4161502 1
4164850 1
4165659 1
4167018 1
4167842 1
4171058 1
4172963 1
4173852 1
4173943 1
4174020 1
4174881 1
4175822 1
4176528 1
4177503 1
4177606 1
4177877 1
4179183 1
4181406 1
4181558 1
4181584 1
4181842 1
4182151 1
4182655 1
4182831 1
4183000 1
4183165 1
4183674 1
4183689 1
4184265 1
4184285 1
4184650 1
4185201 1
4185234 1
4185880 1
4186800 1
4187993 1
4188099 1
4188529 1
4188628 1
4188643 1
4190039 1
4191165 1
4192101 1
4192313 1
4192704 1
4192920 1
4193927 1
4194095 1
4194294 1
4194391 1
4195227 1
4195370 1
4195788 1
4195925 1
4196441 1
4197104 1
4197171 1
4197438 1
4197631 1
4197686 1
4197777 1
4198204 1
4199488 1
4199566 1
4200001 1
4200157 1
4200913 1
4201939 1
4202171 1
4202364 1
4202504 1
4202546 1
4202573 1
4203676 1
4204162 1
4204263 1
4204339 1
4204406 1
4204591 1
4205084 1
4205151 1
4205286 1
4205371 1
4205452 1
4205733 1
4205833 1
4207300 1
4207439 1
4207445 1
4208455 1
4209624 1
4209842 1
4209900 1
4210048 1
4210475 1
4210877 1
4211105 1
4211193 1
4211326 1
4212060 1
4212579 1
4214838 1
4215506 1
4215551 1
4216132 1
4216147 1
4216289 1
4216555 1
4216739 1
4217316 1
4217890 1
4218155 1
4218346 1
4218615 1
4218727 1
4219652 1
4219664 1
4220085 1
4220378 1
4220887 1
4221148 1
4221283 1
4221436 1
4221456 1
4221477 1
4221725 1
4221813 1
4223651 1
4223663 1
4223813 1
4223885 1
4225165 1
4225238 1
4225243 1
4225517 1
4225885 1
4226523 1
4226643 1
4226708 1
4227116 1
4227399 1
4227680 1
4228195 1
4228667 1
4228719 1
4228794 1
4228894 1
4228994 1
4229176 1
4229625 1
4229675 1
4229829 1
4230109 1
4230834 1
4231039 1
4231117 1
4231229 1
4231243 1
4231414 1
4231436 1
4231542 1
4231665 1
4231809 1
4231892 1
4232407 1
4232435 1
4232592 1
4233003 1
4233175 1
4233471 1
4233795 1
4234350 1
4234405 1
4234604 1
4234965 1
4235024 1
4235382 1
4235442 1
4235700 1
4235786 1
4235887 1
4235960 1
4236030 1
4236326 1
4236488 1
4236500 1
4236790 1
4237124 1
4237459 1
4237577 1
4237732 1
4238426 1
4238748 1
4239348 1
4239792 1
4240613 1
4240615 1
4241147 1
4241334 1
4241405 1
4241465 1
4241549 1
4241551 1
4241595 1
4241767 1
4241966 1
4242051 1
4242230 1
4242275 1
4242330 1
4242612 1
4242634 1
4242658 1
4242704 1
4243251 1
4243446 1
4243711 1
4244117 1
4244452 1
4244701 1
4244950 1
4245427 1
4245573 1
4245582 1
4245645 1
4245817 1
4246280 1
4246754 1
4246769 1
4246904 1
4247740 1
4247792 1
4247823 1
4247867 1
4247983 1
4248294 1
4248318 1
4248321 1
4248480 1
4248688 1
4248937 1
4249091 1
4249332 1
4249716 1
4249731 1
4249855 1
4250221 1
4250273 1
4250569 1
4250783 1
4251257 1
4251493 1
4251673 1
4252022 1
4252424 1
4252425 1
4252529 1
4252561 1
4252606 1
4252631 1
4253397 1
4253556 1
4253620 1
4253738 1
4253788 1
4254329 1
4254757 1
4254795 1
4254963 1
4255063 1
4255356 1
4255576 1
4255620 1
4255720 1
4255796 1
4256289 1
4256339 1
4256517 1
4256811 1
4257095 1
4257421 1
4257829 1
4258180 1
4258684 1
4258880 1
4259078 1
4259079 1
4259101 1
4259238 1
4259272 1
4259639 1
4259814 1
4259849 1
4261040 1
4261048 1
4262037 1
4262198 1
4262238 1
4262435 1
4262560 1
4262668 1
4262697 1
4262732 1
4262935 1
4262957 1
4263057 1
4263087 1
4263430 1
4263533 1
4263622 1
4264150 1
4264216 1
4264389 1
4264953 1
4265368 1
4265703 1
4265860 1
4266052 1
4266189 1
4266265 1
4266637 1
4266657 1
4266836 1
4266944 1
4266990 1
4267281 1
4267331 1
4267425 1
4267550 1
4267668 1
4268307 1
4268314 1
4269099 2
4269125 1
4269335 1
4269595 1
4269711 1
4269882 1
4270010 1
4270348 1
4270432 1
4270645 1
4270781 1
4270948 1
4271910 1
4272240 1
4272391 1
4272904 1
4273488 1
4273571 1
4273603 1
4273707 1
4273762 1
4274216 1
4274625 1
4274995 1
4275182 1
4275225 1
4275552 1
4275688 1
4276800 1
4276933 1
4277158 1
4277659 1
4277953 1
4277984 1
4278021 1
4278304 1
4278366 1
4278473 1
4278561 1
4279021 1
4279277 1
4279481 1
4279945 1
4280256 1
4280293 1
4280454 1
4280456 1
4280464 1
4280668 1
4280872 1
4281063 1
4281435 1
4281612 1
4281696 1
4281931 1
4281999 1
4282074 1
4282276 1
4282351 1
4282365 1
4282425 1
4282508 1
4282578 1
4282598 1
4282761 1
4283101 1
4283963 1
4284431 1
4284853 1
4285079 1
4285266 1
4285291 1
4285422 1
4285465 1
4285511 1
4286411 1
4286933 1
4287038 1
4287329 1
4287366 1
4287428 1
4287462 1
4287513 1
4287812 1
4287888 1
4288199 1
4288201 1
4288384 1
4288422 1
4288681 1
4288874 1
4288906 1
4288941 1
4289153 1
4289301 1
4289313 1
4289615 1
4289703 1
4290072 1
4290086 1
4290205 1
4290595 1
4290719 1
4290778 1
4291041 1
4291318 1
4291532 1
4291761 1
4291767 1
4291878 1
4291966 1
4292051 1
4292179 1
4292256 1
4292362 1
4292481 1
4292483 1
4292655 1
4292802 1
4293019 1
4293199 1
4293218 1
4293347 1
4293540 1
4293903 1
4294006 1
4294791 1
4295091 1
4295131 1
4295203 1
4295234 1
4295456 1
4295697 1
4296051 1
4296258 1
4296267 1
4296289 1
4296551 1
4296660 1
4296836 1
4296922 1
4297034 1
4297465 1
4297612 1
4297742 1
4297801 1
4298057 1
4298140 1
4298381 1
4298388 1
4298919 1
4299166 1
4299544 1
4299575 1
4299968 1
4300045 1
4300071 1
4300234 1
4300285 1
4300493 1
4300537 1
4300744 1
4300874 1
4300900 1
4301148 1
4301495 1
4301553 1
4301638 1
4302121 1
4302479 1
4302540 1
4302658 1
4302830 1
4302880 2
4303057 1
4303075 1
4303130 1
4303151 1
4303187 1
4303783 1
4303802 1
4303853 1
4304314 1
4304546 1
4304818 1
4304950 1
4305109 1
4305112 1
4305310 1
4305450 1
4305718 1
4306256 1
4306723 1
4306724 1
4307075 1
4307237 1
4307369 1
4307445 1
4307633 1
4307638 1
4307719 1
4307829 1
4308067 1
4308285 1
4308467 1
4308872 1
4309183 1
4309435 1
4309597 1
4310126 1
4310241 1
4310527 1
4310955 1
4310976 1
4311015 1
4311292 1
4311659 1
4311762 1
4311848 1
4311851 1
4311961 1
4312441 1
4312491 2
4312509 1
4312530 1
4312568 1
4312577 1
4312673 1
4312683 1
4312713 1
4312781 1
4312782 1
4312927 1
4313109 1
4313312 1
4313509 1
4313611 1
4313826 1
4313847 1
4313935 2
4314001 1
4314268 1
4314467 1
4314680 1
4314753 1
4315009 1
4315395 1
4315574 1
4315591 1
4315694 1
4315772 1
4316057 1
4316070 1
4316136 1
4316244 1
4316289 1
4316589 1
4316636 1
4316682 1
4316783 1
4316830 1
4317263 1
4317444 1
4317661 1
4318163 1
4318445 1
4318598 1
4318925 1
4319319 1
4319538 1
4319548 1
4319745 1
4319979 1
4320163 1
4320436 1
4320555 1
4320565 1
4320614 1
4320667 1
4320912 1
4321102 1
4321152 1
4321367 1
4321532 1
4321608 1
4321705 1
4321766 1
4321907 1
4322024 1
4322250 1
4322280 1
4322457 1
4322634 1
4323000 1
4323177 1
4323215 1
4323275 1
4323320 1
4323341 1
4323414 1
4323465 1
4323614 1
4323792 1
4323887 1
4323919 1
4324182 1
4324231 1
4324351 1
4324874 1
4325163 1
4325443 1
4325521 1
4325816 1
4326114 1
4326190 1
4326413 1
4326437 1
4326715 1
4326777 1
4326802 1
4326870 1
4326954 1
4327117 1
4327545 1
4327646 1
4327670 1
4327886 1
4328288 1
4328331 1
4328349 1
4328787 1
4328912 1
4329769 1
4330243 1
4330327 1
4330579 1
4330728 1
4331088 1
4331120 1
4331514 1
4331542 1
4331569 1
4331615 1
4331651 1
4331702 1
4331752 1
4331949 1
4332112 1
4332896 1
4333395 1
4333540 1
4333788 1
4333825 1
4333952 1
4334112 1
4334485 1
4334518 1
4334623 1
4334661 1
4334662 1
4334728 1
4335106 1
4335213 1
4335216 1
4335625 1
4335661 1
4335712 1
4335720 1
4336089 1
4336183 1
4336507 1
4336528 1
4336749 1
4336858 1
4336995 1
4337125 1
4337195 1
4337482 1
4337519 1
4337880 1
4338134 1
4338179 1
4338334 1
4338947 1
4339250 1
4339287 1
4339543 1
4339653 1
4339724 1
4339725 1
4339881 1
4339917 1
4339935 1
4339963 1
4340140 1
4340688 1
4340780 1
4341054 1
4341067 1
4341130 1
4341540 1
4341546 1
4341659 1
4341662 1
4341667 1
4341983 1
4342041 1
4342063 1
4342274 1
4342525 1
4342872 1
4343048 1
4343078 1
4343184 1
4343343 1
4343546 1
4343654 1
4343870 1
4343912 1
4344108 1
4344112 1
4344211 1
4344228 1
4344463 1
4344573 1
4344699 1
4344743 1
4345284 1
4345580 1
4345763 1
4345782 1
4347019 1
4347023 1
4347038 1
4347178 1
4347209 1
4347345 1
4347401 1
4347676 1
4347705 1
4347897 2
4348173 1
4348244 1
4348438 1
4348553 1
4348712 1
4348830 1
4349050 1
4349470 1
4349604 1
4349687 1
4349699 1
4349875 1
4349876 1
4350057 1
4350086 1
4350113 1
4350366 1
4350512 1
4350592 1
4350994 1
4351061 1
4351065 1
4351253 1
4351363 1
4351550 1
4351564 1
4351825 1
4351889 1
4352155 1
4352274 1
4352312 1
4352350 1
4352382 1
4353286 1
4353304 1
4353307 1
4353542 1
4353609 1
4353610 1
4353690 1
4354121 1
4354178 1
4354468 1
4354615 1
4354652 1
4354796 1
4355284 1
4355469 1
4355471 1
4355529 1
4355533 1
4355542 1
4355553 1
4355628 1
4355636 1
4355749 1
4355911 1
4355921 1
4356027 1
4356163 1
4356419 1
4356522 1
4356638 1
4356703 1
4356709 1
4356821 1
4356901 1
4356971 1
4357091 1
4357320 1
4357873 1
4358042 1
4358067 1
4358128 1
4358671 1
4358723 1
4359114 1
4359133 1
4359481 1
4359487 1
4359597 1
4359611 1
4359721 1
4359727 1
4359906 1
4360226 1
4360305 1
4360386 1
4360418 1
4360426 1
4360527 1
4360792 1
4360886 1
4361017 1
4361069 1
4361115 1
4361189 1
4361432 1
4361447 1
4361490 1
4361564 1
4361597 1
4362257 1
4362586 1
4362804 1
4362808 1
4362894 1
4362981 1
4363028 1
4363048 1
4363229 1
4363266 1
4363571 1
4363589 1
4363590 1
4363711 1
4363757 1
4363820 1
4363985 1
4364274 1
4364458 1
4365123 1
4365279 1
4365422 1
4365624 1
4366164 1
4366266 1
4366332 1
4366340 1
4366475 1
4366494 1
4366563 1
4366698 1
4366720 1
4366752 1
4366970 1
4367017 1
4367271 1
4367382 1
4367802 1
4368000 1
4368243 1
4368264 1
4368296 1
4368387 1
4368541 1
4368742 1
4368892 1
4369036 1
4369119 1
4369328 1
4369341 1
4369676 1
4369695 1
4369847 1
4369852 1
4370088 1
4370172 1
4370253 1
4370599 1
4370765 1
4370817 1
4371025 1
4371220 1
4371226 1
4371260 1
4371761 1
4371799 1
4372687 1
4372734 1
4372824 1
4373045 1
4373056 1
4373422 1
4373709 1
4373760 1
4374291 1
4374490 1
4374524 1
4374752 1
4374808 1
4374954 1
4374991 1
4375190 1
4375197 1
4375312 1
4375314 1
4376138 1
4376464 1
4376482 1
4376484 1
4376513 1
4376602 1
4376641 1
4377108 1
4377535 1
4377618 1
4377687 1
4377766 1
4377919 1
4377966 1
4378014 1
4378171 1
4378262 1
4378694 1
4378932 1
4378938 1
4378976 1
4379126 1
4379146 1
4379344 1
4379408 1
4379697 1
4379724 1
4379732 1
4379806 1
4379828 1
4379891 1
4379955 1
4380607 1
4380784 1
4380859 1
4381180 1
4381383 1
4381444 1
4381511 1
4381852 1
4381871 1
4381919 1
4382016 1
4382052 1
4382226 1
4382523 1
4382810 1
4382932 1
4383023 1
4383054 1
4383150 1
4383247 1
4383517 1
4383589 1
4383596 1
4383819 1
4384056 1
4384138 1
4384363 1
4384584 1
4384814 1
4384942 1
4385005 1
4385092 1
4385352 1
4385455 1
4385520 1
4385535 1
4386031 1
4386175 1
4386339 1
4386428 1
4386499 1
4386628 1
4386925 1
4386963 1
4387474 1
4387831 1
4387928 1
4388075 1
4388173 1
4388388 1
4388498 1
4388510 1
4388621 1
4388965 1
4389076 1
4389194 1
4389360 1
4389375 1
4389657 1
4389743 1
4389858 1
4390032 1
4390272 1
4390380 1
4390443 1
4390530 1
4390914 1
4391096 1
4391123 1
4391139 1
4391415 1
4391647 1
4391659 1
4391708 1
4391836 1
4391887 1
4392055 1
4392367 1
4392502 1
4392548 1
4393061 1
4393208 1
4393386 1
4393503 1
4393515 1
4393583 1
4393635 1
4393774 1
4393959 1
4394011 1
4394461 1
4394859 1
4394864 1
4395671 1
4395775 1
4395913 1
4396133 1
4396329 1
4396515 1
4396536 1
4396830 1
4396833 1
4397162 1
4397218 1
4397307 1
4397390 1
4397614 1
4397950 1
4398059 1
4398441 1
4398641 1
4398712 1
4398901 1
4398924 1
4398925 1
4399048 1
4399218 1
4399389 1
4399422 1
4399655 1
4399687 1
4399744 1
4399756 1
4400487 1
4400629 1
4400959 1
4401068 1
4401075 1
4402101 1
4402182 1
4403054 1
4403178 1
4403193 1
4403777 1
4403993 1
4404163 1
4404215 1
4404264 1
4404325 1
4404405 1
4404414 1
4404420 1
4404619 1
4405181 1
4405408 1
4405542 1
4405657 1
4405789 1
4405891 1
4405903 1
4405962 1
4406120 1
4406171 1
4406278 1
4406299 1
4406720 1
4406889 1
4406985 1
4407056 1
4407241 1
4407268 1
4407354 1
4407448 1
4407465 1
4407615 1
4408384 1
4408519 1
4408635 1
4408748 1
4408967 1
4409635 1
4410434 1
4410449 1
4410489 1
4411130 1
4411134 1
4411445 1
4411532 1
4411569 1
4412233 1
4412356 1
4412458 1
4412540 1
4412889 1
4412894 1
4413076 1
4413295 1
4413588 1
4413614 1
4413687 1
4413788 1
4414033 1
4414288 1
4414618 1
4415133 1
4415183 2
4415518 1
4416355 1
4416543 1
4416553 1
4416607 1
4416855 1
4417031 1
4417062 1
4417263 1
4417299 1
4417463 1
4417649 1
4417862 1
4418964 1
4419169 1
4419543 1
4419571 1
4419745 1
4419833 1
4420127 1
4420246 1
4420317 1
4420400 1
4420508 1
4420639 1
4420669 1
4420680 1
4420721 1
4420728 1
4420908 1
4420935 1
4421020 1
4421206 1
4421321 1
4421532 1
4421843 1
4422064 1
4422073 1
4422222 1
4422293 1
4422387 1
4423347 1
4423551 1
4423646 1
4424294 1
4424477 1
4425471 1
4425813 1
4425885 1
4426085 1
4426751 1
4427267 1
4427287 1
4427363 1
4427365 1
4427967 1
4428464 1
4428716 1
4428749 1
4428774 1
4428940 1
4428950 1
4429233 1
4429641 1
4429664 1
4429699 1
4429984 1
4429996 1
4430166 1
4430245 1
4430344 1
4430354 1
4430457 1
4430573 1
4430933 1
4431572 1
4431643 1
4431709 1
4432002 1
4432143 1
4432325 1
4432341 1
4432517 1
4432643 1
4432952 1
4433016 1
4433248 1
4433391 1
4433561 1
4433707 1
4434188 1
4434269 1
4434291 1
4434511 1
4434613 1
4434797 1
4435680 1
4435904 1
4435993 1
4436004 1
4436303 1
4436524 1
4437120 1
4437279 1
4437322 1
4437526 1
4437602 1
4437699 1
4437993 1
4438131 1
4438292 1
4438668 1
4438738 1
4438800 1
4438908 1
4439025 1
4439242 1
4439295 1
4439303 1
4439385 1
4439637 1
4439740 1
4439918 1
4440040 1
4441139 1
4441190 1
4441199 1
4441237 1
4441300 1
4441453 1
4441521 1
4441630 1
4441679 1
4441928 1
4442407 1
4442569 1
4442684 1
4442822 1
4442853 1
4443440 1
4443821 1
4443926 1
4444028 1
4444242 1
4444545 1
4444581 1
4444659 1
4444793 1
4445157 1
4445168 1
4445351 1
4445439 1
4445712 1
4445786 1
4446256 1
4446296 1
4446350 1
4446629 1
4446900 1
4447016 1
4447017 1
4447303 1
4447415 1
4447502 1
4448582 1
4448939 1
4450216 1
4450564 1
4450577 1
4450616 1
4451169 1
4451334 1
4451352 1
4451377 1
4451426 1
4451819 1
4452263 1
4452345 1
4452579 1
4453198 1
4453780 1
4453954 1
4454002 1
4454322 1
4454327 1
4454452 1
4454652 1
4454886 1
4454928 1
4455134 1
4455234 1
4455296 1
4455391 1
4455404 1
4455466 1
4455774 1
4455934 1
4456323 1
4456785 1
4457330 1
4457364 1
4457499 1
4457665 1
4457706 1
4457802 1
4458127 1
4458224 1
4458395 1
4458515 1
4458552 1
4459449 2
4459590 1
4459664 1
4459728 1
4459941 1
4460116 1
4460152 1
4460184 1
4460262 1
4460620 1
4460698 1
4460779 1
4461006 1
4461343 1
4461476 1
4461508 1
4461767 1
4461806 1
4461819 1
4462065 1
4462179 1
4462500 1
4462780 1
4462953 1
4462993 1
4463002 1
4463033 1
4463286 1
4463511 1
4463656 1
4463770 1
4464087 1
4464682 1
4464734 1
4464748 1
4464922 1
4464970 1
4465018 1
4465124 1
4465495 1
4465509 1
4465901 1
4466087 1
4467001 1
4467004 1
4467005 1
4467071 1
4467164 1
4467293 1
4467494 1
4467642 1
4467648 1
4467762 1
4467893 1
4467927 1
4468030 1
4468088 1
4468114 1
4468349 1
4468528 1
4468703 1
4468715 1
4468970 1
4469394 1
4469473 1
4469635 1
4469643 1
4469736 1
4469922 1
4469971 1
4469984 1
4470551 1
4470643 1
4470715 1
4471077 1
4471957 1
4472106 1
4472256 1
4472257 1
4472511 1
4472708 1
4473073 1
4473093 1
4473121 1
4473188 1
4473493 1
4473759 1
4473773 1
4473949 1
4474199 1
4474205 1
4474802 1
4475284 1
4475487 1
4475518 1
4475810 1
4476039 1
4476454 1
4476679 1
4477013 1
4477694 1
4477896 1
4477906 1
4477949 1
4477979 1
4478193 1
4478395 1
4478397 1
4478416 1
4478468 1
4478538 1
4478645 1
4478723 1
4478900 1
4479316 1
4479431 1
4479727 1
4480782 1
4480790 1
4481214 1
4481434 1
4481775 1
4481924 1
4481926 1
4482069 1
4482350 1
4482482 1
4483284 1
4483465 1
4483781 1
4484589 1
4484792 1
4484919 1
4484978 1
4485033 1
4485471 1
4485583 1
4485887 1
4486601 1
4486982 1
4487115 1
4487819 1
4487948 1
4488050 1
4488245 1
4488486 1
4488622 1
4489092 1
4489140 1
4489251 1
4489801 1
4489817 1
4490854 1
4490951 1
4490963 1
4491158 1
4491289 1
4491292 1
4492085 1
4492373 1
4492393 1
4492475 1
4492640 1
4493428 1
4493953 1
4494333 1
4494413 1
4494731 1
4494942 1
4495065 1
4495092 1
4495112 1
4495405 1
4495433 1
4495461 1
4495546 1
4495675 1
4495767 1
4496271 1
4496378 1
4496823 1
4496878 1
4496903 1
4497929 1
4498035 1
4498577 1
4498585 1
4498665 1
4499105 1
4499502 1
4499643 1
4500342 1
4500364 1
4500586 1
4500864 1
4501006 1
4501091 1
4501241 1
4501261 1
4501671 1
4502006 1
4503035 1
4503193 1
4503379 1
4503478 1
4503568 1
4503848 1
4503895 1
4504028 1
4504599 1
4504784 1
4505548 1
4505656 1
4505911 1
4506007 1
4506099 1
4506544 1
4506963 1
4507404 1
4507995 1
4508005 1
4508308 1
4508899 1
4509204 1
4509329 1
4509593 1
4509849 1
4510136 1
4510265 1
4510590 1
4510705 1
4511088 1
4511146 1
4511195 1
4511929 1
4511978 1
4512247 1
4512284 1
4512342 1
4512559 1
4512575 1
4512652 1
4513123 1
4513195 1
4513539 1
4513739 1
4513889 1
4513925 1
4513931 1
4513997 1
4514337 1
4514462 1
4514540 1
4514861 1
4515450 1
4515631 1
4515721 1
4516065 1
4516159 1
4516206 1
4516342 1
4516523 1
4516725 1
4516912 1
4517619 1
4517742 1
4518046 1
4518590 1
4518949 1
4518952 1
4518977 1
4519073 1
4519192 1
4519280 1
4519424 1
4519586 1
4519649 1
4519875 1
4520489 1
4520555 1
4520658 1
4521122 1
4521385 1
4521488 1
4521773 1
4522155 1
4522174 1
4522246 1
4522338 1
4522833 1
4522855 1
4523385 1
4523717 1
4523724 1
4523834 1
4523966 1
4524254 1
4524261 1
4524431 1
4525462 1
4525799 1
4525915 1
4525986 1
4526039 1
4526046 1
4526100 1
4526112 1
4526254 1
4526418 1
4526510 1
4526630 1
4526825 1
4526877 1
4527193 1
4527591 1
4527646 1
4528199 1
4528620 1
4528793 1
4529064 1
4529089 1
4529152 1
4529277 1
4529951 1
4530059 1
4530168 1
4530197 1
4530754 1
4530915 1
4530981 1
4531011 1
4531087 1
4531547 1
4531698 1
4532901 1
4532981 1
4534082 1
4534419 1
4534634 1
4534772 1
4534822 1
4534895 1
4535138 1
4535228 1
4535292 1
4535373 1
4535528 1
4535576 1
4535688 1
4535758 1
4535903 1
4536645 1
4536657 1
4536697 1
4536809 1
4536911 1
4537064 1
4537731 1
4537900 1
4537939 1
4538011 1
4538103 1
4538568 1
4539115 1
4539731 1
4539879 1
4539902 1
4540224 1
4540402 1
4540494 1
4540920 1
4541724 1
4542128 1
4542559 1
4542678 2
4542783 1
4542820 1
4542907 1
4543117 1
4543223 1
4543403 1
4543718 1
4543797 1
4543804 1
4544093 1
4544116 1
4544197 1
4544302 1
4544510 1
4544726 1
4544819 1
4544867 1
4545062 1
4545204 1
4545243 1
4545588 1
4546134 1
4546305 1
4546592 1
4547275 1
4547340 2
4547646 1
4547675 1
4547745 1
4548016 1
4548048 1
4548228 1
4548463 1
4548857 1
4549336 1
4549965 1
4550708 1
4550815 1
4550931 1
4551424 1
4551505 1
4551509 1
4552555 1
4553219 1
4553407 1
4553739 1
4553892 1
4554010 1
4554567 1
4555085 1
4555107 1
4556003 1
4556035 1
4556484 1
4557159 1
4557284 1
4557292 1
4557341 1
4557928 1
4557943 1
4558155 1
4558378 1
4558744 1
4559004 1
4559511 1
4559804 1
4559972 1
4559998 1
4560181 1
4560874 1
4561392 1
4561485 1
4562237 1
4562314 1
4562341 1
4562394 1
4562439 1
4562517 1
4562520 1
4562556 1
4564172 1
4564237 1
4564384 1
4565339 1
4565513 1
4565623 1
4565766 1
4565814 1
4565872 1
4566200 1
4566264 1
4567006 1
4567197 1
4567962 1
4568920 1
4569946 1
4569947 1
4570462 1
4570521 1
4570868 1
4571075 1
4571875 1
4572018 1
4572701 1
4572895 1
4573003 1
4573062 1
4573457 1
4573585 1
4573612 1
4574298 1
4575024 1
4575217 1
4575416 1
4576077 1
4576181 1
4576667 1
4577056 1
4577406 1
4577459 1
4578298 1
4578303 1
4578308 1
4579150 1
4579452 1
4580838 1
4580889 1
4581458 1
4582655 1
4582678 1
4582760 1
4582937 1
4583458 1
4583639 1
4584681 1
4584683 1
4585169 1
4585234 1
4585360 1
4585576 1
4585609 1
4586155 1
4586187 1
4586803 1
4587776 1
4588657 1
4588659 1
4588855 1
4589667 1
4589877 1
4590152 1
4590343 1
4590488 1
4590574 1
4590813 1
4590872 1
4590942 1
4592611 1
4592618 1
4593724 1
4593884 1
4594057 1
4594176 1
4594724 1
4595007 1
4595394 1
4596519 1
4596717 1
4597787 1
4597886 1
4599028 1
4599174 1
4599590 1
4601191 1
4601456 1
4602013 1
4602183 1
4602479 1
4602562 1
4604651 1
4604683 1
4604878 1
4604880 1
4606632 1
4606663 1
4606747 1
4607381 1
4607698 1
4607835 1
4607980 1
4608047 1
4608074 1
4608768 1
4608859 1
4609732 1
4610394 1
4610712 1
4611413 1
4611778 1
4611891 1
4612028 1
4612217 1
4612393 1
4613861 1
4614610 1
4614970 1
4614973 1
4616323 1
4616416 1
4616754 1
4617083 1
4618439 1
4618611 1
4618777 1
4619206 1
4619977 1
4620476 1
4620619 1
4620874 1
4621474 1
4623283 1
4623987 1
4625017 1
4625053 1
4625377 1
4626277 1
4626365 1
4626693 1
4627165 1
4628365 1
4629285 1
4631140 1
4631512 1
4632197 1
4632305 1
4632387 1
4633256 1
4634147 1
4634353 1
4636121 1
4636409 1
4636415 1
4637317 1
4637448 1
4637862 1
4638631 1
4639807 1
4640106 1
4640345 1
4640482 1
4640918 1
4642362 1
4642413 1
4642590 1
4643409 1
4643692 1
4643739 1
4644133 1
4644597 1
4645849 1
4646000 1
4648333 1
4649261 1
4650386 1
4650554 1
4650574 1
4650768 1
4650856 1
4651334 1
4651648 1
4651895 1
4651898 1
4652201 1
4652377 1
4652733 1
4652749 1
4654559 1
4655637 1
4655965 1
4656689 1
4658317 1
4659181 1
4660995 1
4661623 1
4661788 1
4663720 1
4664380 1
4665115 1
4665706 1
4666457 1
4668473 1
4668485 1
4668760 1
4668843 1
4668895 1
4669569 1
4670480 1
4670861 1
4670984 1
4671009 1
4671166 1
4671558 1
4671668 1
4671946 1
4671960 1
4672566 1
4673120 1
4673321 1
4673429 1
4673618 1
4673803 1
4675937 1
4676282 1
4677165 1
4677178 1
4677307 1
4677881 1
4678513 1
4678625 1
4679078 1
4679195 1
4679208 1
4680025 1
4680186 1
4680317 1
4680435 1
4680598 1
4680606 1
4681068 1
4681912 1
4681930 1
4682335 1
4682876 1
4683441 1
4684296 1
4684656 1
4684781 1
4685607 1
4685689 1
4686312 1
4686593 1
4686728 1
4687091 1
4687516 1
4688165 1
4688534 1
4688918 1
4689090 1
4689712 1
4689745 1
4690688 1
4691379 1
4691380 1
4691819 1
4691981 1
4692599 1
4693424 1
4693504 1
4693532 1
4693832 1
4694392 1
4694480 1
4694721 1
4694945 1
4695040 1
4695668 1
4695798 1
4696227 1
4696831 1
4696920 1
4697265 1
4697690 1
4698710 1
4699108 1
4699367 1
4699369 1
4699422 1
4700154 1
4700439 1
4700481 1
4700659 1
4702164 1
4702514 1
4702628 1
4702927 1
4703955 1
4704077 1
4704395 1
4704470 1
4704781 1
4705681 1
4705795 1
4705891 1
4705978 1
4706011 1
4706271 1
4706403 1
4706554 1
4707066 1
4708080 1
4708355 1
4708462 1
4708860 1
4709045 1
4709117 1
4709262 1
4710098 1
4710198 1
4710221 1
4710529 1
4711211 1
4712461 1
4713036 1
4713367 1
4713807 1
4713902 1
4714483 1
4714495 1
4714679 1
4715037 1
4715374 1
4716178 1
4716197 1
4716327 1
4716769 1
4717204 1
4717381 1
4717423 1
4717847 1
4718041 1
4718350 1
4718421 1
4718550 1
4718584 1
4718870 1
4718998 1
4719342 1
4719517 1
4719717 1
4719789 1
4720094 1
4720750 1
4721948 1
4722335 1
4722401 1
4722945 1
4723138 1
4723198 1
4723473 1
4723997 1
4724656 1
4724745 1
4726941 1
4727337 1
4727625 1
4728736 1
4729424 1
4729619 1
4729826 1
4729910 1
4729996 1
4730077 1
4730439 1
4730635 1
4730664 1
4731258 1
4731714 1
4732075 1
4732104 1
4732292 1
4732344 1
4732673 1
4733206 1
4733901 1
4734578 1
4734662 1
4735511 1
4735683 1
4735813 1
4735912 1
4736098 1
4736411 1
4736419 1
4736724 1
4737232 1
4737389 1
4739110 1
4740153 1
4740713 1
4741141 1
4741487 1
4741579 1
4741833 1
4741883 1
4742236 1
4742772 1
4743124 1
4744232 1
4744353 1
4744632 1
4744668 1
4744671 1
4744718 1
4745246 1
4745398 1
4745456 1
4745713 1
4745999 1
4746815 1
4746839 1
4746883 1
4747066 1
4747238 1
4748034 1
4748693 1
4748758 1
4748887 1
4749296 1
4749349 1
4750147 1
4751183 1
4751311 1
4751537 1
4751717 1
4752106 1
4752195 1
4752759 1
4753052 1
4753189 1
4753473 1
4753548 1
4753744 1
4754869 1
4755038 1
4755429 1
4755543 1
4755893 1
4756270 1
4757078 1
4757905 1
4758331 1
4758379 1
4758599 1
4758701 1
4758945 1
4759018 1
4760544 1
4762198 1
4762541 1
4763551 1
4764880 1
4766184 1
4766752 1
4767020 1
4767551 1
4768011 1
4768034 1
4768097 1
4768259 1
4768646 1
4768725 1
4769304 1
4769514 1
4769822 1
4770293 1
4770594 1
4771276 1
4771320 1
4771477 1
4771780 1
4772616 1
4773413 1
4774020 1
4774524 1
4774787 1
4775265 1
4775585 1
4775661 1
4775669 1
4777621 1
4777736 1
4778511 1
4778690 1
4779047 1
4779792 1
4779856 1
4780090 1
4780371 1
4780806 1
4781469 1
4781897 1
4782098 1
4783365 1
4783660 1
4784017 1
4784338 1
4785809 1
4786944 1
4786962 1
4787377 1
4787717 1
4788176 1
4789648 1
4790228 1
4790348 1
4792449 1
4794553 1
4796353 1
4796700 1
4798100 1
4800303 1
4803011 1
4804811 1
4804932 1
4804965 1
4805785 1
4806841 1
4807029 1
4807162 1
4808449 1
4809861 1
4810149 1
4810893 1
4811715 1
4812305 1
4812481 1
4813223 1
4813892 1
4815773 1
4816156 1
4816468 1
4816479 1
4817402 1
4817840 1
4818059 1
4818311 1
4818532 1
4818879 1
4819786 1
4820092 1
4820261 1
4821295 1
4824817 1
4825023 1
4825065 1
4825498 1
4825876 1
4825907 1
4826696 1
4827282 1
4828153 1
4828840 1
4830164 1
4830741 1
4834275 1
4834960 1
4835022 1
4835451 1
4837221 1
4837961 1
4838389 1
4838980 1
4840179 1
4840208 1
4840937 1
4841070 1
4841114 1
4841320 1
4842394 1
4842818 1
4843567 1
4843752 1
4843957 1
4844659 1
4847635 1
4847980 1
4848116 1
4849074 1
4849386 1
4850777 1
4852266 1
4852803 1
4854393 1
4855210 1
4856930 1
4860031 1
4861760 1
4861948 1
4863702 1
4868159 1
4869999 1
4874281 1
4874699 1
4875557 1
4878798 1
4878803 1
4879925 1
4881680 1
4882120 1
4886164 1
4886222 1
4886534 1
4887717 1
4888053 1
4888974 1
4889142 1
4893067 1
4895782 1
4896941 1
4899219 1
4904127 1
4905309 1
4908615 1
4909413 1
4909609 1
4914801 1
4916210 1
4917729 1
4919151 1
4919429 1
4919458 1
4921922 1
4922111 1
4922727 1
4923058 1
4924649 1
4926106 1
4926318 1
4928647 1
4928870 1
4929818 1
4930501 1
4931153 1
4931453 1
4932158 1
4934560 1
4934925 1
4935730 1
4939046 1
4940037 1
4940088 1
4942432 1
4942756 1
4944393 1
4945457 1
4946138 1
4946730 1
4947919 1
4948599 1
4950230 1
4950762 1
4950862 1
4951510 1
4951529 1
4955710 1
4957826 1
4958359 1
4958472 1
4959231 1
4959521 1
4961260 1
4962967 1
4964078 1
4964638 1
4966361 1
4966693 1
4968897 1
4969266 1
4969533 1
4969985 1
4970982 1
4972733 1
4973723 1
4973894 1
4973938 1
4974541 1
4975391 1
4975844 1
4976680 1
4977276 1
4977368 1
4978719 1
4979548 1
4979745 1
4979833 1
4980962 1
4981118 1
4981248 1
4981491 1
4982618 1
4983991 1
4984478 1
4986177 1
4986178 1
4986787 1
4988097 1
4988618 1
4989121 1
4990422 1
4990692 1
4990754 1
4992180 1
4992315 1
4993378 1
4993701 1
4994123 1
4996099 1
4996822 1
4996828 1
4996830 1
4996855 1
4997381 1
4997632 1
4999308 1
4999644 1
5000138 1
5001736 1
5002992 1
5004869 1
5007442 1
5008961 1
5009474 1
5011394 1
5012410 1
5012759 1
5014043 1
5014192 1
5017354 1
5017390 1
5017569 1
5018096 1
5019055 1
5020346 1
5020498 1
5021037 1
5021447 1
5021663 1
5022056 1
5022530 1
5023365 1
5028132 1
5029790 1
5030048 1
5031140 1
5032241 1
5032723 1
5034563 1
5035506 1
5035890 1
5036203 1
5036353 1
5036423 1
5036713 1
5037497 1
5038373 1
5038589 1
5038601 1
5039495 1
5039914 1
5040479 1
5041567 1
5041664 1
5042370 1
5042553 1
5043149 1
5044568 1
5046038 1
5047628 1
5048583 1
5048999 1
5049486 1
5049998 1
5052156 1
5053518 1
5055397 1
5055520 1
5056037 1
5057436 1
5060687 1
5063582 1
5064378 1
5066525 1
5067207 1
5067388 1
5072369 1
5075930 1
5076030 1
5076844 1
5080046 1
5080525 1
5080530 1
5084580 1
5089477 1
5089698 1
5090614 1
5093587 1
5093813 1
5094904 1
5101940 1
5102897 1
5104341 1
5106464 1
5108089 1
5109299 1
5109607 1
5111785 1
5115305 1
5115835 1
5116727 1
5118183 1
5121259 1
5124990 1
5125549 1
5126221 1
5127813 1
5128196 1
5128704 1
5129332 1
5134689 1
5134719 1
5137276 1
5137355 1
5137983 1
5140116 1
5140142 1
5142099 1
5142750 1
5144042 1
5145823 1
5146750 1
5159035 1
5164748 1
5171554 1
5177623 1
5178514 1
5183562 1
5195872 1
5203079 1
5205769 1
5208400 1
5215429 1
5218838 1
5221182 1
5222452 1
5226072 1
5230104 1
5230396 1
5243560 1
5243799 1
5244740 1
5251670 1
5258944 1
5258955 1
5280720 1
5283101 1
5286030 1
5288752 1
5299315 1
5300199 1
5301052 1
5307563 1
5307601 1
5316686 1
5321207 1
5327873 1
5330152 1
5332713 1
5336159 1
5336427 1
5337544 1
5337905 1
5339641 1
5343138 1
5345176 1
5347887 1
5352498 1
5356422 1
5360032 1
5362227 1
5364375 1
5364792 1
5365554 1
5367870 1
5371158 1
5373331 1
5380740 1
5383997 1
5388154 1
5392249 1
5393458 1
5393810 1
5394115 1
5394795 1
5402675 1
5402887 1
5404122 1
5405536 1
5405777 1
5408672 1
5408738 1
5408747 1
5411991 1
5412531 1
5413427 1
5414615 1
5414662 1
5414865 1
5416045 1
5416721 1
5419085 1
5421140 1
5423588 1
5424779 1
5426331 1
5426390 1
5429878 1
5431239 1
5431660 1
5433366 1
5435879 1
5440250 1
5441720 1
5443409 1
5443486 1
5446324 1
5450082 1
5451996 1
5455455 1
5462685 1
5464197 1
5464432 1
5466320 1
5476705 1
5479871 1
5483975 1
5484420 1
5486479 1
5489210 1
5491465 1
5492526 1
5503872 1
5506263 1
5509374 1
5513001 1
5513826 1
5514759 1
5516871 1
5519618 1
5529302 1
5529652 1
5535362 1
5536789 1
5543030 1
5554970 1
5562320 1
5591245 1
5592270 1
5605837 1
5630080 1
5646256 1
5674280 1
5676238 1
5681013 1
5692454 1
5698137 1
5702027 1
5718133 1
5759382 1
5776455 1
5791258 1
5811260 1
5822508 1
5830922 1
5834587 1
5842431 1
5858828 1
5860876 1
5861811 1
5862309 1
5873751 1
5877654 1
5893000 1
5893486 1
5901091 1
5905936 1
5910509 1
5910653 1
5911129 1
5911552 1
5930423 1
5939925 1
5942298 1
5942805 1
5946256 1
5959150 1
5990135 1
6001099 1
6008541 1
6009391 1
6010389 1
6053058 1
6068174 1
6068508 1
6090064 1
6094012 1
6098824 1
6118014 1
6128872 1
6140403 1
6181274 1
6200547 1
6223119 1
6228098 1
6353279 1
6431268 1
6504925 1
6507703 1
6549447 1
6555184 1
6565086 1
6571051 1
6576459 1
6586925 1
6589676 1
6598889 1
6608771 1
6639182 1
6644778 1
6648742 1
6682057 1
6718233 1
6720181 1
6736224 1
6749280 1
6785044 1
6888039 1
6928722 1
7306379 1
7416190 1
7437552 1
7469543 1
7522093 1
7542723 1
7577562 1
7626354 1
7628180 1
7657872 1
8238564 1
8476679 1
8491124 1
8795095 1
9720332 1
9748846 1
9932238 1
9984674 1
10338292 1
10546310 1
11040417 1
11099662 1
11217297 1
11459168 1
11471872 1
11478204 1
11631872 1
12788736 1
13060132 1
13339456 1
13660416 1
14057984 1
14549856 1
14729528 1
15158236 1
15533504 1
16091136 1
16920992 1
17340856 1
17531376 1
19439104 1
21301376 1
23585792 1
24344000 1
25728896 1
37227520 1
